13 0.8532203389830509 0.14695752009184845 0.1416949152542373 0.21814006888633755
0 0.10067796610169492 0.08151549942594719 0.05084745762711865 0.08725602755453502
1 0.1928813559322034 0.07807118254879448 0.12000000000000001 0.10562571756601608
9 0.6572881355932204 0.2095292766934558 0.08203389830508476 0.03559127439724455
11 0.6586440677966102 0.31515499425947185 0.08610169491525424 0.04247990815154994
10 0.7227118644067797 0.6469575200918485 0.2576271186440678 0.12055109070034443
3 0.10508474576271187 0.33524684270952926 0.07728813559322034 0.03903559127439724
7 0.2911864406779661 0.45579793340987373 0.04949152542372882 0.022962112514351322
8 0.3050847457627119 0.5700344431687715 0.0840677966101695 0.04247990815154994
6 0.14779661016949153 0.69345579793341 0.2128813559322034 0.05281285878300804
5 0.0752542372881356 0.563719862227325 0.051525423728813566 0.034443168771526984
4 0.07932203389830508 0.45579793340987373 0.05016949152542373 0.03214695752009185
14 0.496271186440678 0.41676234213547647 0.32135593220338987 0.49138920780711826
12 0.4966101694915255 0.8340987370838118 0.44135593220338987 0.21010332950631458
15 0.9091525423728815 0.43857634902411025 0.14508474576271188 0.35820895522388063
2 0.13898305084745763 0.22789896670493687 0.13423728813559324 0.03329506314580941
