13 0.8380813953488372 0.17883211678832117 0.15872093023255815 0.23905109489051093
15 0.8991279069767442 0.42244525547445255 0.17151162790697674 0.5255474452554745
17 0.6363372093023256 0.24361313868613138 0.08895348837209302 0.0364963503649635
11 0.640406976744186 0.3521897810218978 0.08895348837209302 0.03832116788321168
10 0.729360465116279 0.6861313868613138 0.2645348837209302 0.12773722627737225
0 0.04854651162790698 0.10173357664233576 0.05290697674418605 0.08485401459854014
1 0.14680232558139536 0.10173357664233576 0.1308139534883721 0.11405109489051095
2 0.1066860465116279 0.2527372262773723 0.15174418604651163 0.041970802919708027
3 0.07180232558139535 0.3590328467153285 0.08662790697674419 0.035583941605839414
4 0.0563953488372093 0.47810218978102187 0.05581395348837209 0.03832116788321168
18 0.05872093023255814 0.5889598540145985 0.05 0.03010948905109489
6 0.14156976744186045 0.7121350364963503 0.22151162790697673 0.04470802919708029
7 0.27412790697674416 0.48266423357664234 0.04941860465116279 0.032846715328467155
8 0.29534883720930233 0.5948905109489051 0.08953488372093023 0.03467153284671533
14 0.47877906976744183 0.44434306569343063 0.32965116279069767 0.5036496350364963
15 0.11366279069767442 0.9548357664233577 0.22151162790697673 0.09397810218978102
12 0.5043604651162791 0.8608576642335766 0.4796511627906977 0.21624087591240876
16 0.8534883720930232 0.9785583941605839 0.21046511627906977 0.03923357664233577
