19 0.874344301382928 0.22480366492146597 0.13209346685741535 0.11583769633507854
20 0.14711492608488316 0.1875 0.14449213161659513 0.1799738219895288
21 0.5123986647591797 0.1449607329842932 0.38292799237005243 0.06086387434554974
22 0.5088221268478779 0.25654450261780104 0.4663805436337625 0.10732984293193717
23 0.502145922746781 0.18193717277486912 0.5255126371006199 0.06544502617801047
24 0.36957558416785885 0.36714659685863876 0.12494039103481162 0.030104712041884817
25 0.164759179780639 0.5602094240837696 0.2732474964234621 0.4541884816753927
26 0.5054840247973295 0.31413612565445026 0.9108249880782069 0.06806282722513089
27 0.3333333333333333 0.43095549738219896 0.04864091559370529 0.021596858638743457
28 0.351931330472103 0.5255235602094241 0.09632808774439676 0.032722513089005235
18 0.41034811635670004 0.6164921465968587 0.21411540295660467 0.03664921465968587
29 0.3164043872198378 0.7018979057591623 0.03195040534096328 0.029450261780104715
30 0.3440629470672389 0.8249345549738221 0.09680495946590367 0.03730366492146597
31 0.7353361945636624 0.7801047120418849 0.13829279923700524 0.18062827225130892
32 0.8557463042441583 0.5595549738219896 0.21793037672865997 0.4397905759162304
30 0.3245112064854554 0.7699607329842932 0.05293276108726752 0.03337696335078534
