19 0.8916632274040446 0.138683680322364 0.1432108955839868 0.1511081262592344
21 0.4969046636401156 0.05070517125587643 0.40858439950474623 0.04231027535258563
23 0.49298390425092864 0.10040295500335797 0.5633512174989682 0.04365345869711216
22 0.49752373091209245 0.1944257891202149 0.5022699133305819 0.09738079247817327
20 0.10751134956665291 0.12525184687709873 0.1390837804374742 0.2182672934855608
25 0.14465538588526622 0.6057756883814641 0.27362773421378456 0.6044325050369376
10 0.1411473380107305 0.8112827400940229 0.070160957490714 0.11954331766286098
24 0.3551382583574082 0.35124244459368703 0.1374329343788692 0.041638683680322364
28 0.34069335534461415 0.5510409670920081 0.10028889806025588 0.03156480859637341
18 0.4087907552620718 0.6668905305574211 0.2364836978951713 0.03492276695768973
29 0.30767643417251345 0.7760241773002015 0.035905901774659514 0.03156480859637341
33 0.3411060668592654 0.9338482202820686 0.10111432108955841 0.028878441907320352
30 0.3186132893107718 0.8643384822028207 0.053652496904663644 0.0335795836131632
26 0.4995872884853488 0.2723304231027535 1.0 0.03156480859637341
34 0.9242674370614941 0.8784419073203492 0.10111432108955841 0.2404298186702485
31 0.747214197276104 0.8472128945601075 0.15146512587701197 0.2384150436534587
32 0.8813454395377631 0.5644728005372733 0.23400742880726375 0.5554063129617193
27 0.31593066446553864 0.42948287441235733 0.052414362360709864 0.03022162525184688
