20 0.18645833333333334 0.1575 0.11875 0.14833333333333334
19 0.8630208333333333 0.155 0.13020833333333334 0.11
32 0.87734375 0.49875 0.2484375 0.48583333333333334
25 0.18072916666666666 0.5291666666666667 0.26979166666666665 0.5116666666666667
10 0.146875 0.7400000000000001 0.15 0.10666666666666667
24 0.390625 0.3075 0.11875 0.03166666666666667
27 0.353125 0.3725 0.05 0.028333333333333335
28 0.37135416666666665 0.4691666666666667 0.09479166666666666 0.035
18 0.4296875 0.5675 0.228125 0.03166666666666667
29 0.328125 0.6658333333333334 0.029166666666666667 0.035
30 0.3328125 0.7408333333333333 0.059375 0.03833333333333334
33 0.3546875 0.8116666666666668 0.10520833333333333 0.04
34 0.9458333333333333 0.7720833333333333 0.10833333333333334 0.24416666666666667
31 0.759375 0.7166666666666667 0.15833333333333333 0.24000000000000002
22 0.5265625 0.195 0.43854166666666666 0.07
23 0.525 0.13833333333333334 0.49166666666666664 0.030000000000000002
21 0.528125 0.09083333333333334 0.3520833333333333 0.028333333333333335
26 0.5328125 0.25625000000000003 0.865625 0.0275
