19 0.8741418764302059 0.12432675044883304 0.14073226544622425 0.144524236983842
21 0.4931350114416476 0.0421903052064632 0.39816933638443935 0.06283662477558348
23 0.4879862700228833 0.10053859964093358 0.5469107551487414 0.05026929982046679
22 0.49170480549199086 0.17953321364452424 0.4879862700228833 0.09156193895870736
20 0.11384439359267734 0.11714542190305206 0.14187643020594964 0.19299820466786355
25 0.13729977116704806 0.5408438061041293 0.2665903890160183 0.5215439856373429
24 0.3489702517162471 0.3173249551166966 0.12700228832951946 0.03500897666068223
27 0.31207093821510296 0.3981149012567325 0.05091533180778032 0.03680430879712747
28 0.3340961098398169 0.5121184919210054 0.10183066361556065 0.03500897666068223
18 0.39931350114416475 0.6225314183123878 0.2322654462242563 0.03680430879712747
29 0.29776887871853547 0.7320466786355476 0.03718535469107551 0.0296229802513465
30 0.30778032036613273 0.8128366247755835 0.054919908466819226 0.03859964093357271
33 0.33037757437070936 0.8819569120287254 0.10697940503432495 0.03321364452423699
10 0.130720823798627 0.8087971274685817 0.09324942791762014 0.11310592459605028
31 0.7402745995423341 0.7778276481149012 0.15903890160183065 0.2881508078994614
32 0.868421052631579 0.5228904847396768 0.2448512585812357 0.5215439856373429
34 0.9139016018306636 0.8469479353680431 0.12528604118993136 0.23608617594254938
26 0.4965675057208238 0.2535906642728905 0.9725400457665904 0.0296229802513465
