13 0.8785310734463277 0.1502463054187192 0.1310734463276836 0.21773399014778325
0 0.1268361581920904 0.07881773399014777 0.04915254237288136 0.09064039408866995
1 0.2288135593220339 0.07881773399014777 0.1310734463276836 0.12610837438423644
14 0.5305084745762711 0.4251231527093596 0.29265536723163843 0.4719211822660098
10 0.7519774011299435 0.6507389162561575 0.2384180790960452 0.1251231527093596
6 0.1765536723163842 0.7162561576354679 0.2175141242937853 0.05320197044334975
12 0.5225988700564972 0.8458128078817734 0.45084745762711864 0.18226600985221675
9 0.6918079096045198 0.212807881773399 0.07740112994350283 0.033497536945812804
11 0.6889830508474577 0.31822660098522165 0.07175141242937853 0.03152709359605911
7 0.32457627118644067 0.4733990147783251 0.0480225988700565 0.034482758620689655
8 0.34096045197740116 0.5847290640394088 0.08983050847457627 0.030541871921182264
