19 0.8917616126205083 0.12446657183499289 0.14285714285714285 0.15078236130867712
20 0.12116564417177915 0.10881934566145093 0.15030674846625766 0.20483641536273117
21 0.5081069237510956 0.03520625889046942 0.40709903593339175 0.050497866287339974
23 0.5030674846625767 0.09957325746799431 0.5591586327782647 0.044096728307254626
22 0.5072304995617879 0.17923186344238975 0.5008764241893077 0.09815078236130868
26 0.5087642418930762 0.25106685633001424 0.9754601226993865 0.04551920341394026
24 0.36415425065731816 0.3221906116642959 0.12532865907099036 0.03556187766714083
35 0.32602979842243646 0.4011379800853485 0.05346187554776512 0.029871977240398296
36 0.35056967572305 0.5163584637268848 0.09991235758106924 0.03698435277382646
18 0.4143295354951797 0.6255334281650071 0.22743207712532867 0.041963015647226175
29 0.3168273444347064 0.7357752489331437 0.028045574057843997 0.03911806543385491
30 0.327125328659071 0.816145092460882 0.05565293602103418 0.04054054054054054
33 0.3521034180543383 0.8869132290184922 0.10736196319018405 0.03698435277382646
25 0.1579754601226994 0.5714793741109531 0.27651183172655563 0.5910384068278806
10 0.1549079754601227 0.8186344238975818 0.22655565293602103 0.08961593172119488
34 0.9202453987730062 0.8506401137980085 0.12532865907099036 0.25177809388335703
32 0.8812445223488169 0.5401849217638691 0.2348816827344435 0.5284495021337127
31 0.7510955302366346 0.783072546230441 0.1481156879929886 0.26884779516358465
