19 0.8789586688137413 0.1451473136915078 0.14439076757917338 0.14991334488734834
20 0.10413311862587225 0.1681109185441941 0.13526570048309178 0.20277296360485267
21 0.4887278582930757 0.08492201039861351 0.4095544820182501 0.06412478336221837
23 0.48899624261943103 0.1425476603119584 0.558239398819109 0.05459272097053726
22 0.488191089640365 0.2218370883882149 0.49651100375738055 0.11091854419410745
24 0.34326355340848097 0.3739168110918544 0.12506709608158884 0.032062391681109186
27 0.3062265163714439 0.44974003466204504 0.05421363392377885 0.02946273830155979
28 0.3298443370907139 0.567157712305026 0.09822866344605476 0.032062391681109186
18 0.39049919484702095 0.6746100519930676 0.22490606548577563 0.030329289428076254
29 0.2944176060118089 0.7846620450606585 0.03488996242619431 0.033795493934142114
30 0.30434782608695654 0.8613518197573656 0.052603327965646804 0.03292894280762565
33 0.3263553408480945 0.9306759098786828 0.09876543209876543 0.02772963604852686
10 0.1419753086419753 0.8548526863084922 0.11862587224906065 0.1169844020797227
25 0.13955984970477725 0.6256499133448873 0.20611916264090177 0.535528596187175
32 0.8725174449812131 0.5736568457538994 0.2517444981213097 0.5580589254766031
34 0.9192163177670424 0.8782495667244367 0.11003757380568975 0.24350086655112652
26 0.49785292538915726 0.29506065857885616 0.9731615673644659 0.0632582322357019
