19 0.8785714285714286 0.2517482517482518 0.13406593406593406 0.12276612276612277
20 0.17335164835164835 0.28826728826728826 0.13021978021978023 0.1554001554001554
21 0.5274725274725275 0.21406371406371405 0.37252747252747254 0.0644910644910645
23 0.5260989010989011 0.263014763014763 0.5093406593406593 0.07226107226107226
26 0.5357142857142857 0.37684537684537683 0.9065934065934066 0.06993006993006994
24 0.3840659340659341 0.4425019425019425 0.11208791208791209 0.028749028749028748
27 0.3475274725274725 0.5104895104895105 0.04450549450549451 0.021756021756021756
28 0.3662087912087912 0.6013986013986014 0.09065934065934066 0.03263403263403263
29 0.3271978021978022 0.7867132867132867 0.03461538461538462 0.030303030303030304
30 0.33186813186813185 0.8554778554778555 0.056043956043956046 0.03418803418803419
33 0.3521978021978022 0.9133644133644133 0.0945054945054945 0.030303030303030304
18 0.42417582417582417 0.6911421911421911 0.21868131868131868 0.02564102564102564
25 0.18681318681318682 0.6740481740481741 0.23406593406593407 0.4483294483294483
32 0.8802197802197802 0.5936285936285937 0.23736263736263735 0.4491064491064491
34 0.9233516483516484 0.8877233877233878 0.13021978021978023 0.222999222999223
31 0.7436813186813187 0.7944832944832945 0.1554945054945055 0.2432012432012432
