0 0.11336138874276697 0.059156378600823054 0.048921620199894794 0.07921810699588477
1 0.20199894792214623 0.05246913580246914 0.11888479747501315 0.11934156378600824
2 0.15412940557601262 0.19187242798353912 0.14518674381904262 0.03806584362139918
3 0.11467648605996844 0.2968106995884774 0.08206207259337191 0.03806584362139918
4 0.09021567596002104 0.4146090534979424 0.055234087322461864 0.04320987654320988
5 0.08442924776433455 0.529320987654321 0.049973698053655966 0.03806584362139918
6 0.15886375591793792 0.6661522633744856 0.22619673855865333 0.05041152263374486
7 0.30247238295633877 0.4248971193415638 0.04418726985796949 0.0308641975308642
8 0.3211467648605997 0.5354938271604939 0.08784850078905838 0.0360082304526749
14 0.5013150973172015 0.39866255144032925 0.3145712782745923 0.49485596707818935
9 0.6478169384534456 0.19804526748971196 0.08048395581273014 0.0360082304526749
11 0.6472908995265649 0.29783950617283955 0.07206733298264072 0.0360082304526749
10 0.730405049973698 0.6116255144032923 0.24355602314571279 0.13065843621399179
13 0.818779589689637 0.15174897119341565 0.1404523934771173 0.23971193415637862
16 0.8621778011572856 0.9537037037037038 0.19673855865334033 0.041152263374485604
12 0.5218306154655444 0.8209876543209877 0.43766438716465017 0.2160493827160494
15 0.8792740662809048 0.3842592592592593 0.17096265123619148 0.5133744855967078
15 0.11362440820620726 0.9429012345679013 0.22619673855865333 0.11419753086419754
