15 0.8810185185185185 0.4148148148148148 0.125 0.43555555555555553
13 0.8398148148148148 0.2096296296296296 0.13703703703703704 0.21185185185185185
9 0.6578703703703704 0.2548148148148148 0.08055555555555556 0.03259259259259259
11 0.6555555555555556 0.35333333333333333 0.07592592592592592 0.03111111111111111
10 0.7023148148148148 0.6577777777777778 0.22685185185185186 0.11555555555555555
1 0.24212962962962964 0.12518518518518518 0.11203703703703705 0.1111111111111111
0 0.15416666666666667 0.12666666666666665 0.04537037037037037 0.08148148148148147
2 0.19351851851851853 0.25555555555555554 0.13148148148148148 0.037037037037037035
3 0.16018518518518518 0.35037037037037033 0.07037037037037037 0.037037037037037035
4 0.14166666666666666 0.45629629629629626 0.0462962962962963 0.03259259259259259
5 0.13796296296296298 0.5533333333333333 0.04259259259259259 0.03407407407407407
6 0.20416666666666666 0.6666666666666666 0.19166666666666668 0.06518518518518518
7 0.3263888888888889 0.4674074074074074 0.04166666666666667 0.03407407407407407
8 0.3402777777777778 0.5659259259259259 0.0787037037037037 0.038518518518518514
16 0.8157407407407408 0.9288888888888889 0.18703703703703706 0.05037037037037037
14 0.5097222222222222 0.43555555555555553 0.2990740740740741 0.4533333333333333
12 0.4981481481481482 0.8133333333333332 0.37962962962962965 0.20148148148148148
15 0.17175925925925928 0.8807407407407407 0.2212962962962963 0.1111111111111111
