13 0.8656751652502361 0.21915708812260537 0.15911237016052882 0.2482758620689655
1 0.15533522190745988 0.10766283524904215 0.13975448536355053 0.1371647509578544
0 0.05736543909348442 0.10881226053639848 0.05335221907459868 0.09501915708812261
9 0.6584041548630785 0.2793103448275862 0.09112370160528802 0.029885057471264367
11 0.6532105760151087 0.3885057471264368 0.07884796978281398 0.03218390804597701
3 0.07129367327667611 0.37931034482758624 0.09159584513692162 0.03984674329501916
8 0.2976864966949953 0.6249042145593869 0.08168083097261568 0.0314176245210728
12 0.4905571293673277 0.8685823754789272 0.42209631728045327 0.1984674329501916
10 0.7072710103871578 0.6980842911877395 0.2502360717658168 0.11187739463601533
16 0.8198772426817753 0.9823754789272031 0.19405099150141644 0.033716475095785445
6 0.14305949008498584 0.7421455938697318 0.2209631728045326 0.055938697318007664
5 0.05547686496694996 0.6118773946360153 0.05335221907459868 0.0314176245210728
2 0.10457979225684609 0.2662835249042146 0.1534466477809254 0.055938697318007664
8 0.051935788479697834 0.5 0.050047214353163366 0.0314176245210728
17 0.2773843248347498 0.5168582375478927 0.05335221907459868 0.0314176245210728
